2147483647C
0 0
1753 1
1471 1
1477 1
1469 1
1387 1
1390 1
1386 1
1763 1
1491 1
1482 1
1766 1
1774 1
1766 1
1796 1
1768 1
1768 1
1765 1
1773 1
1773 1
1770 1
1826 1
1778 1
1848 1
1788 1
1768 1
1765 1
1853 1
1793 1
1773 1
1770 1
1763 1
1798 1
1768 1
1767 1
1514 1
1514 1
1780 1
1768 1
1788 1
1785 1
1773 1
1793 1
13882 1
1788 1
1516 1
1846 1
1851 1
1774 1
1779 1
1782 1
1768 1
1773 1
1776 1
1796 1
1772 1
1774 1
1768 1
1765 1
1779 1
1773 1
1770 1
1782 1
1782 1
1773 1
1782 1
1853 1
1799 1
1848 1
1785 1
1782 1
1784 1
1779 1
1787 1
1793 1
1788 1
1782 1
1778 1
1768 1
1764 1
1773 1
1769 1
1786 1
1776 1
1782 1
1924 1
2161 1
2166 1
1929 1
2169 1
1932 1
1466 1
1371 1
1769 1
1484 1
1486 1
1486 1
1392 1
1389 1
1484 1
1399 1
1834 1
1788 1
1804 1
1782 1
1759 1
1488 1
1488 1
1490 1
1490 1
1470 1
1770 1
1709 1
1759 1
1763 1
1759 1
1715 1
1763 1
1389 1
1847 1
1852 1
1800 1
1828 1
1782 1
1798 1
1776 1
1380 1
1778 1
1773 1
1781 1
1776 1
1782 1
1777 1
1785 1
1780 1
1768 1
1763 1
1771 1
1773 1
1796 1
1777 1
1773 1
1799 1
1781 1
1785 1
1781 1
1778 1
1780 1
1776 1
1777 1
1763 1
1772 1
1768 1
1771 1
1772 1
1768 1
1763 1
1773 1
1777 1
1768 1
1776 1
1780 1
1771 1
1771 1
1775 1
1770 1
1568 1
1804 1
1801 1
1799 1
1782 1
1771 1
1773 1
1768 1
1776 1
1768 1
1773 1
1776 1
1771 1
1782 1
1767 1
1472 1
1466 1
1472 1
1789 1
1784 1
1787 1
1792 1
1781 1
1779 1
1807 1
1771 1
1812 1
1776 1
1778 1
1815 1
1781 1
1810 1
1771 1
1775 1
1464 1
1474 1
1470 1
1799 1
1772 1
1777 1
1768 1
1780 1
1775 1
1763 1
1768 1
1803 1
1771 1
1768 1
1771 1
1776 1
1773 1
1783 1
1846 1
1780 1
1851 1
1785 1
1801 1
1788 1
1804 1
1849 1
1783 1
1799 1
1768 1
1796 1
1778 1
1767 1
1772 1
1767 1
1775 1
1770 1
1767 1
1772 1
1798 1
1775 1
1770 1
1802 1
1772 1
1775 1
1770 1
1778 1
1771 1
1767 1
1783 1
1768 1
1773 1
1776 1
1771 1
1773 1
1768 1
1776 1
1771 1
1811 1
1816 1
1808 1
1813 1
1840 1
2526 1
1924 1
2531 1
1929 1
2534 1
1932 1
1834 1
2529 1
2314 1
2314 1
2529 1
1829 1
1786 1
1776 1
1771 1
1924 1
1929 1
3769 1
3764 1
3772 1
1932 1
3767 1
1924 1
2563 1
1768 1
2568 1
1929 1
1773 1
1783 1
2571 1
1932 1
1776 1
2566 1
2314 1
1773 1
1776 1
1768 1
1771 1
3764 1
1929 1
3769 1
1924 1
3772 1
1932 1
3767 1
2563 1
1924 1
2568 1
1929 1
2571 1
1932 1
2566 1
2314 1
1803 1
3764 1
3769 1
1924 1
1929 1
3772 1
1932 1
3767 1
2563 1
1924 1
2568 1
1929 1
2571 1
1932 1
2566 1
2314 1
1773 1
1776 1
1771 1
1768 1
1772 1
1772 1
1780 1
1777 1
1775 1
1782 1
1768 1
1849 1
1846 1
1851 1
1775 1
1770 1
1778 1
1773 1
1783 1
1801 1
